1 0.17677669529664 0.17677669529664 7 1 0.83999999972 0.9 192 450 0.0013085539151985 764.20236750299 1 39 2 
2 0.17677669529664 0.17677669529664 9 1 0.80440810553223 0.89999999999832 192 450 0.00065349676263442 1530.2294627578 2 38.5 2 
3 0.17677669529664 0.17677669529664 9 1 0.78492598178402 0.8999999999997 192 450 0.00047969206302763 2084.6707233144 3 39 2 
4 0.17677669529664 0.17677669529664 9 1 0.7697425378958 0.89999999999896 192 450 0.00042829550243913 2334.8365656539 4 39.5 2 
5 0.17677669529664 0.17677669529664 9 1 0.76303864807653 0.90000000000004 192 450 0.00041080310712829 2434.256174425 5 38 2 
6 0.17677669529664 0.17677669529664 8 1 0.75819754828891 0.89999999999782 192 450 0.00040045764675025 2497.1429765797 6 39 2 
7 0.17677669529664 0.17677669529664 8 1 0.75442199907379 0.89999999999726 192 450 0.00039393689530919 2538.4776392045 7 37.5 2 
8 0.17677669529664 0.17677669529664 8 1 0.75155794825044 0.89999999999847 192 450 0.00038930938693943 2568.6511385239 8 38 2 
9 0.17677669529664 0.17677669529664 8 1 0.74919074989227 0.90000000000142 192 450 0.00038589408315849 2591.3846406121 9 37 2 
10 0.17677669529664 0.17677669529664 8 1 0.74736029922184 0.89999999999917 192 450 0.00038332397003869 2608.7593736939 10 37.5 2 
11 0.17677669529664 0.17677669529664 8 1 0.74585525500485 0.90000000000136 192 450 0.00038132007821951 2622.4687791665 11 37 2 
12 0.17677669529664 0.17677669529664 8 1 0.74443584329046 0.90000000000157 192 450 0.00037949241352188 2635.0987908282 12 38 2 
13 0.17677669529664 0.17677669529664 8 1 0.74310934475303 0.89999999999784 192 450 0.00037786658987507 2646.4366704943 13 37 2 
14 0.17677669529664 0.17677669529664 8 1 0.74183706930596 0.9000000000012 192 450 0.00037634257130437 2657.1535517071 14 37 2 
15 0.17677669529664 0.17677669529664 8 1 0.7407674759395 0.89999999999999 192 450 0.0003751098942003 2665.8854257414 15 38 2 
16 0.17677669529664 0.17677669529664 8 1 0.73983206086665 0.90000000000074 192 450 0.00037402747506981 2673.600381398 16 39 2 
17 0.17677669529664 0.17677669529664 8 1 0.7389835664167 0.90000000000133 192 450 0.00037307512520673 2680.4252881933 17 38 2 
18 0.17677669529664 0.17677669529664 8 1 0.73821333520728 0.89999999999916 192 450 0.00037220683141285 2686.678254142 18 38.5 2 
19 0.17677669529664 0.17677669529664 8 1 0.73747882425112 0.90000000000247 192 450 0.00037140156393168 2692.5034709438 19 39 2 
20 0.17677669529664 0.17677669529664 8 1 0.7367769211237 0.89999999999769 192 450 0.00037062776931918 2698.1248648393 20 39 2 
21 0.17677669529664 0.17677669529664 8 1 0.73609012131269 0.89999999999937 192 450 0.00036988969276024 2703.5086934639 21 39 2 
22 0.17677669529664 0.17677669529664 8 1 0.7354203418056 0.90000000000211 192 450 0.00036915823785402 2708.8654605493 22 39 2 
23 0.17677669529664 0.17677669529664 8 1 0.73474670113293 0.89999999999839 192 450 0.00036843999943321 2714.1461338029 23 37.5 2 
24 0.17677669529664 0.17677669529664 8 1 0.73410430206505 0.89999999999921 192 450 0.00036773712863869 2719.3337906941 24 38 2 
25 0.17677669529664 0.17677669529664 8 1 0.73344191753616 0.90000000000291 192 450 0.00036702888668763 2724.5811876684 25 39 2 
26 0.17677669529664 0.17677669529664 8 1 0.73276672363532 0.90000000000129 192 450 0.00036627787275221 2730.1676524602 26 39 2 
27 0.17677669529664 0.17677669529664 8 1 0.73204958237633 0.90000000000222 192 450 0.00036551219856752 2735.8868019155 27 36.5 2 
28 0.17677669529664 0.17677669529664 8 1 0.73132098322327 0.89999999999834 192 450 0.00036469604659464 2742.0094331636 28 38 2 
29 0.17677669529664 0.17677669529664 8 1 0.73055073351494 0.89999999999735 192 450 0.00036389947395783 2748.0116668591 29 37.5 2 
30 0.17677669529664 0.17677669529664 8 1 0.729934167128 0.90000000000005 192 450 0.00036321555692079 2753.1860377282 30 39 2 
31 0.17677669529664 0.17677669529664 8 1 0.72933710769215 0.89999999999797 192 450 0.00036267904508446 2757.258831337 31 38.5 2 
32 0.17677669529664 0.17677669529664 8 1 0.72883486820465 0.90000000000215 192 450 0.00036209935473521 2761.6729688217 32 39 2 
33 0.17677669529664 0.17677669529664 8 1 0.72829990844554 0.8999999999994 192 450 0.00036176943949154 2764.1914734575 33 39 2 
34 0.17677669529664 0.17677669529664 8 1 0.72796275201709 0.89999999999786 192 450 0.0003612917329355 2767.846338124 34 34.5 2 
35 0.17677669529664 0.17677669529664 8 1 0.72750848260374 0.89999999999747 192 450 0.00036123688565462 2768.2665854785 35 35.5 2 
36 0.17677669529664 0.17677669529664 8 1 0.72728850522956 0.89999999999815 192 450 0.00036073150581454 2772.1448885979 36 39.5 2 
37 0.17677669529664 0.17677669529664 8 1 0.72685226082924 0.89999999999995 192 450 0.00036079242584507 2771.6768101707 37 38.5 2 
38 0.17677669529664 0.17677669529664 9 1 0.72669817550552 0.9000000000011 192 450 0.00036025496044637 2775.8118826759 38 37.5 2 
39 0.17677669529664 0.17677669529664 8 1 0.72630352501416 0.90000000000261 192 450 0.00036028722689686 2775.563287694 39 39 2 
40 0.17677669529664 0.17677669529664 9 1 0.72615754554355 0.9 192 450 0.0003597866228892 2779.425182542 40 38 2 
41 0.17677669529664 0.17677669529664 8 1 0.72582258656502 0.8999999999984 192 450 0.00035977487117408 2779.5159699081 41 39 2 
42 0.17677669529664 0.17677669529664 9 1 0.72567673965645 0.90000000000228 192 450 0.00035933520689864 2782.9168442214 42 37 2 
43 0.17677669529664 0.17677669529664 8 1 0.72539503984675 0.90000000000041 192 450 0.00035931381776122 2783.0825049554 43 38.5 2 
44 0.17677669529664 0.17677669529664 9 1 0.72526359666922 0.9000000000027 192 450 0.00035892629617664 2786.0873127776 44 38.5 2 
45 0.17677669529664 0.17677669529664 8 1 0.72502460796826 0.89999999999706 192 450 0.00035891618392123 2786.1658091725 45 37 2 
46 0.17677669529664 0.17677669529664 9 1 0.72491705839472 0.89999999999835 192 450 0.00035857177412778 2788.8419338987 46 35 2 
47 0.17677669529664 0.17677669529664 8 1 0.72471395390185 0.89999999999726 192 450 0.0003585833018936 2788.7522779762 47 35.5 2 
48 0.17677669529664 0.17677669529664 9 1 0.72463301102756 0.90000000000061 192 450 0.00035827573254622 2791.1463410963 48 37.5 2 
49 0.17677669529664 0.17677669529664 8 1 0.72445997108807 0.90000000000081 192 450 0.00035831143567539 2790.8682236588 49 37.5 2 
50 0.17677669529664 0.17677669529664 9 1 0.72440623093111 0.90000000000164 192 450 0.00035803731955099 2793.0049338267 50 38.5 2 
51 0.17677669529664 0.17677669529664 8 1 0.72427253245087 0.90000000000218 192 450 0.0003581114602344 2792.4266912471 51 38 2 
52 0.17677669529664 0.17677669529664 8 1 0.72425461223292 0.90000000000042 192 450 0.00035787757826186 2794.2516121205 52 36.5 2 
53 0.17677669529664 0.17677669529664 8 1 0.72414377946706 0.89999999999817 192 450 0.00035797416869956 2793.4976527295 53 38.5 2 
54 0.17677669529664 0.17677669529664 8 1 0.7241432705319 0.89999999999856 192 450 0.0003577604707059 2795.1662687241 54 36.5 2 
55 0.17677669529664 0.17677669529664 9 1 0.72404732303641 0.90000000000285 192 450 0.00035787230051629 2794.2928205322 55 34.5 2 
56 0.17677669529664 0.17677669529664 8 1 0.72405922277903 0.89999999999988 192 450 0.00035767292748393 2795.8504073388 56 35.5 2 
57 0.17677669529664 0.17677669529664 9 1 0.72397403818061 0.89999999999841 192 450 0.00035779586917524 2794.8897294569 57 39.5 2 
58 0.17677669529664 0.17677669529664 8 1 0.72399512224547 0.90000000000003 192 450 0.00035760694579611 2796.3662668067 58 38 2 
59 0.17677669529664 0.17677669529664 9 1 0.72391795006656 0.90000000000184 192 450 0.00035773809578829 2795.3410938706 59 39 2 
60 0.17677669529664 0.17677669529664 8 1 0.72394594235287 0.89999999999843 192 450 0.0003575568984471 2796.7576750528 60 38 2 
61 0.17677669529664 0.17677669529664 9 1 0.72387482001172 0.89999999999979 192 450 0.00035769416385821 2795.6844171391 61 38.5 2 
62 0.17677669529664 0.17677669529664 8 1 0.72390805610703 0.90000000000261 192 450 0.0003575187401919 2797.0561751902 62 39.5 2 
63 0.17677669529664 0.17677669529664 9 1 0.7238415412059 0.90000000000226 192 450 0.00035766059503131 2795.9468107255 63 37 2 
64 0.17677669529664 0.17677669529664 8 1 0.72387878143105 0.90000000000202 192 450 0.00035748952334336 2797.2847725653 64 38 2 
65 0.17677669529664 0.17677669529664 9 1 0.72381579582591 0.90000000000293 192 450 0.00035763484327285 2796.1481349206 65 39.5 2 
66 0.17677669529664 0.17677669529664 8 1 0.72385610631402 0.8999999999998 192 450 0.00035746707483572 2797.4604387259 66 38.5 2 
67 0.17677669529664 0.17677669529664 9 1 0.72379583548975 0.90000000000095 192 450 0.00035761502400165 2796.3030993781 67 37.5 2 
68 0.17677669529664 0.17677669529664 8 1 0.72383850742019 0.90000000000224 192 450 0.00035744977701988 2797.5958142629 68 37 2 
69 0.17677669529664 0.17677669529664 9 1 0.72378033155474 0.90000000000087 192 450 0.00035759972930223 2796.422698505 69 38.5 2 
70 0.17677669529664 0.17677669529664 8 1 0.72382482404941 0.90000000000219 192 450 0.00035743641593915 2797.7003892357 70 39.5 2 
71 0.17677669529664 0.17677669529664 9 1 0.7237682690096 0.90000000000002 192 450 0.00035758789933141 2796.5152116996 71 39.5 2 
72 0.17677669529664 0.17677669529664 8 1 0.72381416772999 0.9000000000002 192 450 0.00035742607445368 2797.7813357027 72 38 2 
73 0.17677669529664 0.17677669529664 9 1 0.72375886939328 0.90000000000025 192 450 0.00035757873124942 2796.5869124986 73 39.5 2 
74 0.17677669529664 0.17677669529664 8 1 0.72380585599103 0.89999999999987 192 450 0.00035741805584009 2797.8441034535 74 38.5 2 
75 0.17677669529664 0.17677669529664 9 1 0.72375153385757 0.90000000000191 192 450 0.00035757161378479 2796.6425785741 75 37.5 2 
76 0.17677669529664 0.17677669529664 8 1 0.72379936316823 0.90000000000225 192 450 0.00035741182843233 2797.892852025 76 39.5 2 
77 0.17677669529664 0.17677669529664 9 1 0.7237458006191 0.89999999999973 192 450 0.00035756607958607 2796.6858633728 77 39 2 
78 0.17677669529664 0.17677669529664 8 1 0.7237942834886 0.90000000000108 192 450 0.00035740698503154 2797.9307676703 78 39 2 
79 0.17677669529664 0.17677669529664 9 1 0.72374131290335 0.89999999999736 192 450 0.00035756177011697 2796.719570084 79 36.5 2 
80 0.17677669529664 0.17677669529664 8 1 0.7237903031698 0.89999999999883 192 450 0.00035740321282143 2797.9602984141 80 39 2 
81 0.17677669529664 0.17677669529664 9 1 0.72373779461656 0.89999999999944 192 450 0.00035755840956583 2796.7458553534 81 39.5 2 
82 0.17677669529664 0.17677669529664 8 1 0.72378717919814 0.90000000000198 192 450 0.0003574002709074 2797.9833296184 82 36.5 2 
83 0.17677669529664 0.17677669529664 9 1 0.72373503179924 0.89999999999862 192 450 0.00035755578529379 2796.766382002 83 39 2 
84 0.17677669529664 0.17677669529664 8 1 0.72378472311481 0.90000000000277 192 450 0.00035739797342742 2798.0013160401 84 38.5 2 
85 0.17677669529664 0.17677669529664 9 1 0.72373285845382 0.90000000000288 192 450 0.00035755373304352 2796.782434595 85 36.5 2 
86 0.17677669529664 0.17677669529664 8 1 0.72378278860186 0.90000000000251 192 450 0.00035739617672307 2798.0153821703 86 39 2 
87 0.17677669529664 0.17677669529664 9 1 0.72373114563346 0.89999999999997 192 450 0.0003575521257589 2796.7950068189 87 38 2 
88 0.17677669529664 0.17677669529664 8 1 0.72378126193491 0.90000000000079 192 450 0.00035739476961139 2798.0263983363 88 38.5 2 
89 0.17677669529664 0.17677669529664 9 1 0.72372979308523 0.90000000000182 192 450 0.00035755086499647 2796.804868616 89 38 2 
90 0.17677669529664 0.17677669529664 8 1 0.72378005462801 0.90000000000276 192 450 0.00035739366592807 2798.0350390464 90 37.5 2 
91 0.17677669529664 0.17677669529664 9 1 0.72372872276611 0.89999999999783 192 450 0.00035754987442571 2796.8126169984 91 39 2 
92 0.17677669529664 0.17677669529664 8 1 0.72377909775856 0.90000000000215 192 450 0.00035739279884441 2798.041827461 92 39 2 
93 0.17677669529664 0.17677669529664 9 1 0.72372787387862 0.89999999999932 192 450 0.0003575490947678 2796.8187156212 93 39 2 
94 0.17677669529664 0.17677669529664 8 1 0.72377833758699 0.90000000000018 192 450 0.00035739211645853 2798.0471698962 94 35.5 2 
95 0.17677669529664 0.17677669529664 9 1 0.72372719899374 0.90000000000081 192 450 0.0003575484799662 2796.8235247274 95 38.5 2 
96 0.17677669529664 0.17677669529664 8 1 0.72377773216753 0.89999999999881 192 450 0.00035739157843038 2798.0513821615 96 39.5 2 
97 0.17677669529664 0.17677669529664 9 1 0.72372666107657 0.89999999999977 192 450 0.00035754799419064 2796.8273245768 97 37 2 
98 0.17677669529664 0.17677669529664 8 1 0.7237772487216 0.90000000000248 192 450 0.00035739115337375 2798.0547099727 98 37 2 
99 0.17677669529664 0.17677669529664 9 1 0.72372623117562 0.89999999999851 192 450 0.00035754760953649 2796.8303334383 99 37 2 
100 0.17677669529664 0.17677669529664 8 1 0.72377686159456 0.90000000000258 192 450 0.00035739081685846 2798.0573445905 100 36.5 2 
101 0.17677669529664 0.17677669529664 9 1 0.72372588663047 0.90000000000044 192 450 0.000357547304253 2796.8327214471 101 36.5 2 
102 0.17677669529664 0.17677669529664 8 1 0.72377655068977 0.9000000000002 192 450 0.00035739054983498 2798.0594351522 102 38.5 2 
103 0.17677669529664 0.17677669529664 9 1 0.72372560967345 0.89999999999846 192 450 0.00035754706137702 2796.8346212907 103 39 2 
104 0.17677669529664 0.17677669529664 8 1 0.72377630024163 0.90000000000095 192 450 0.00035739033743591 2798.0610980545 104 39 2 
105 0.17677669529664 0.17677669529664 9 1 0.72372538636174 0.89999999999907 192 450 0.00035754686764552 2796.8361367143 105 37.5 2 
106 0.17677669529664 0.17677669529664 8 1 0.72377609785464 0.8999999999998 192 450 0.00035739016805563 2798.0624241581 106 39 2 
107 0.17677669529664 0.17677669529664 9 1 0.72372520573134 0.9000000000016 192 450 0.00035754671269271 2796.837348801 107 39.5 2 
108 0.17677669529664 0.17677669529664 8 1 0.72377593377513 0.89999999999989 192 450 0.00035739003261222 2798.0634845657 108 36 2 
109 0.17677669529664 0.17677669529664 9 1 0.72372505914398 0.90000000000236 192 450 0.00035754658840296 2796.8383210329 109 39 2 
110 0.17677669529664 0.17677669529664 8 1 0.72377580030919 0.89999999999901 192 450 0.00035738992399909 2798.0643349155 110 38 2 
111 0.17677669529664 0.17677669529664 9 1 0.7237249397861 0.90000000000232 192 450 0.0003575464884097 2796.8391032109 111 38 2 
112 0.17677669529664 0.17677669529664 8 1 0.72377569137968 0.90000000000189 192 450 0.00035738983663729 2798.0650188855 112 38.5 2 
113 0.17677669529664 0.17677669529664 9 1 0.72372484226749 0.89999999999835 192 450 0.00035754640771549 2796.8397344261 113 39 2 
114 0.17677669529664 0.17677669529664 8 1 0.72377560217022 0.90000000000238 192 450 0.00035738976615586 2798.0655706965 114 38.5 2 
115 0.17677669529664 0.17677669529664 9 1 0.72372476232414 0.90000000000018 192 450 0.00035754634237901 2796.8402455086 115 39 2 
116 0.17677669529664 0.17677669529664 8 1 0.72377552885814 0.89999999999874 192 450 0.00035738970911222 2798.0660173011 116 39 2 
117 0.17677669529664 0.17677669529664 9 1 0.72372469656159 0.90000000000029 192 450 0.00035754628930818 2796.8406606454 117 38.5 2 
118 0.17677669529664 0.17677669529664 8 1 0.72377546840874 0.899999999999 192 450 0.0003573896627872 2798.0663799877 118 35 2 
119 0.17677669529664 0.17677669529664 9 1 0.723724642281 0.90000000000286 192 450 0.00035754624605104 2796.8409990166 119 37.5 2 
120 0.17677669529664 0.17677669529664 8 1 0.72377541839531 0.89999999999981 192 450 0.00035738962504182 2798.066675503 120 37.5 2 
121 0.17677669529664 0.17677669529664 9 1 0.72372459732303 0.89999999999792 192 450 0.00035754621068179 2796.8412756861 121 36 2 
122 0.17677669529664 0.17677669529664 8 1 0.7237753768805 0.90000000000241 192 450 0.0003573895941822 2798.0669171084 122 38 2 
123 0.17677669529664 0.17677669529664 9 1 0.72372455996909 0.89999999999988 192 450 0.00035754618165147 2796.8415027706 123 39 2 
124 0.17677669529664 0.17677669529664 8 1 0.7237753423043 0.90000000000035 192 450 0.00035738956886993 2798.0671152827 124 39 2 
125 0.17677669529664 0.17677669529664 9 1 0.72372452883114 0.9000000000005 192 450 0.00035754615774882 2796.8416897449 125 38.5 2 
126 0.17677669529664 0.17677669529664 8 1 0.72377531342032 0.90000000000148 192 450 0.00035738954803167 2798.0672784291 126 37.5 2 
127 0.17677669529664 0.17677669529664 9 1 0.72372450279317 0.89999999999991 192 450 0.00035754613800083 2796.8418442201 127 38 2 
128 0.17677669529664 0.17677669529664 8 1 0.72377528921646 0.90000000000122 192 450 0.00035738953082157 2798.0674131701 128 39 2 
129 0.17677669529664 0.17677669529664 9 1 0.72372448095656 0.90000000000155 192 450 0.00035754612162827 2796.8419722916 129 39 2 
130 0.17677669529664 0.17677669529664 8 1 0.7237752688753 0.90000000000029 192 450 0.00035738951655969 2798.0675248289 130 38 2 
131 0.17677669529664 0.17677669529664 9 1 0.72372446258923 0.90000000000164 192 450 0.00035754610801234 2796.8420787997 131 39 2 
132 0.17677669529664 0.17677669529664 8 1 0.72377525173287 0.8999999999978 192 450 0.00035738950470361 2798.0676176524 132 38 2 
133 0.17677669529664 0.17677669529664 9 1 0.72372444709855 0.9000000000012 192 450 0.00035754609665267 2796.8421676588 133 39.5 2 
134 0.17677669529664 0.17677669529664 8 1 0.72377523725119 0.90000000000021 192 450 0.00035738949481047 2798.0676951076 134 38 2 
135 0.17677669529664 0.17677669529664 9 1 0.72372443400058 0.90000000000278 192 450 0.00035754608714302 2796.8422420464 135 38 2 
136 0.17677669529664 0.17677669529664 8 1 0.72377522498268 0.89999999999809 192 450 0.00035738948653667 2798.0677598847 136 39 2 
137 0.17677669529664 0.17677669529664 9 1 0.72372442289676 0.89999999999918 192 450 0.00035754607916583 2796.8423044465 137 39 2 
138 0.17677669529664 0.17677669529664 8 1 0.72377521456981 0.90000000000049 192 450 0.0003573894795905 2798.0678142675 138 38.5 2 
139 0.17677669529664 0.17677669529664 9 1 0.72372441346401 0.89999999999778 192 450 0.00035754607244884 2796.8423569891 139 39 2 
140 0.17677669529664 0.17677669529664 8 1 0.72377520570845 0.89999999999897 192 450 0.00035738947374808 2798.0678600089 140 38.5 2 
141 0.17677669529664 0.17677669529664 9 1 0.72372440543694 0.90000000000289 192 450 0.00035754606677385 2796.8424013807 141 38.5 2 
142 0.17677669529664 0.17677669529664 8 1 0.7237751981543 0.89999999999998 192 450 0.00035738946881527 2798.0678986288 142 39 2 
143 0.17677669529664 0.17677669529664 9 1 0.72372439858739 0.90000000000273 192 450 0.00035754606197581 2796.8424389126 143 38.5 2 
144 0.17677669529664 0.17677669529664 8 1 0.72377519170141 0.89999999999793 192 450 0.00035738946464568 2798.0679312733 144 39 2 
145 0.17677669529664 0.17677669529664 9 1 0.72372439273335 0.90000000000036 192 450 0.00035754605790868 2796.8424707269 145 38 2 
146 0.17677669529664 0.17677669529664 8 1 0.72377518618135 0.89999999999744 192 450 0.00035738946110904 2798.0679589623 146 39 2 
147 0.17677669529664 0.17677669529664 9 1 0.72372438772404 0.90000000000224 192 450 0.00035754605444744 2796.8424978019 147 37 2 
148 0.17677669529664 0.17677669529664 8 1 0.72377518145345 0.9000000000028 192 450 0.00035738945809743 2798.0679825407 148 39 2 
149 0.17677669529664 0.17677669529664 9 1 0.72372438342782 0.90000000000172 192 450 0.0003575460515003 2796.8425208554 149 38 2 
150 0.17677669529664 0.17677669529664 8 1 0.72377517739169 0.89999999999772 192 450 0.00035738945554189 2798.0680025485 150 39 2 
151 0.17677669529664 0.17677669529664 9 1 0.72372437974025 0.90000000000046 192 450 0.00035754604898698 2796.8425405154 151 39 2 
152 0.17677669529664 0.17677669529664 8 1 0.72377517390331 0.89999999999701 192 450 0.00035738945335798 2798.0680196468 152 37 2 
153 0.17677669529664 0.17677669529664 9 1 0.72372437656922 0.89999999999795 192 450 0.00035754604683898 2796.8425573178 153 38 2 
154 0.17677669529664 0.17677669529664 8 1 0.72377517090513 0.90000000000215 192 450 0.00035738945148587 2798.0680343039 154 38 2 
155 0.17677669529664 0.17677669529664 9 1 0.72372437384022 0.89999999999725 192 450 0.00035754604499743 2796.842571723 155 38.5 2 
156 0.17677669529664 0.17677669529664 8 1 0.72377516831858 0.89999999999824 192 450 0.00035738944989044 2798.0680467948 156 38 2 
157 0.17677669529664 0.17677669529664 9 1 0.72372437149271 0.90000000000235 192 450 0.0003575460434135 2796.842584113 157 37.5 2 
158 0.17677669529664 0.17677669529664 8 1 0.72377516609044 0.89999999999998 192 450 0.00035738944851683 2798.068057549 158 38 2 
159 0.17677669529664 0.17677669529664 9 1 0.72372436946461 0.90000000000034 192 450 0.0003575460420585 2796.8425947123 159 37.5 2 
160 0.17677669529664 0.17677669529664 8 1 0.72377516416829 0.90000000000099 192 450 0.00035738944733851 2798.0680667743 160 36.5 2 
161 0.17677669529664 0.17677669529664 9 1 0.72372436771573 0.90000000000182 192 450 0.00035754604089038 2796.8426038497 161 38 2 
162 0.17677669529664 0.17677669529664 8 1 0.72377516250803 0.90000000000189 192 450 0.00035738944632504 2798.068074709 162 39 2 
163 0.17677669529664 0.17677669529664 9 1 0.72372436620389 0.90000000000062 192 450 0.0003575460398871 2796.8426116977 163 39 2 
164 0.17677669529664 0.17677669529664 8 1 0.72377516107125 0.89999999999822 192 450 0.00035738944545708 2798.0680815044 164 37 2 
165 0.17677669529664 0.17677669529664 9 1 0.72372436489653 0.89999999999714 192 450 0.00035754603902549 2796.8426184375 165 39 2 
166 0.17677669529664 0.17677669529664 8 1 0.72377515983055 0.89999999999803 192 450 0.0003573894447068 2798.0680873784 166 38.5 2 
167 0.17677669529664 0.17677669529664 9 1 0.72372436376742 0.89999999999873 192 450 0.00035754603827739 2796.8426242894 167 39.5 2 
168 0.17677669529664 0.17677669529664 8 1 0.72377515875743 0.9000000000002 192 450 0.00035738944405678 2798.0680924676 168 38 2 
169 0.17677669529664 0.17677669529664 9 1 0.72372436278967 0.89999999999954 192 450 0.00035754603763176 2796.8426293397 169 38 2 
170 0.17677669529664 0.17677669529664 8 1 0.7237751578269 0.89999999999891 192 450 0.00035738944349872 2798.0680968367 170 38.5 2 
171 0.17677669529664 0.17677669529664 9 1 0.72372436194311 0.8999999999995 192 450 0.00035754603707511 2796.842633694 171 38 2 
172 0.17677669529664 0.17677669529664 8 1 0.72377515702151 0.89999999999882 192 450 0.00035738944301581 2798.0681006175 172 37.5 2 
173 0.17677669529664 0.17677669529664 9 1 0.72372436121031 0.90000000000094 192 450 0.0003575460365923 2796.8426374707 173 37 2 
174 0.17677669529664 0.17677669529664 8 1 0.72377515632293 0.8999999999979 192 450 0.00035738944259884 2798.068103882 174 38.5 2 
175 0.17677669529664 0.17677669529664 9 1 0.72372436057491 0.90000000000158 192 450 0.00035754603617517 2796.8426407336 175 38.5 2 
176 0.17677669529664 0.17677669529664 8 1 0.72377515571926 0.90000000000072 192 450 0.00035738944223492 2798.0681067312 176 36 2 
177 0.17677669529664 0.17677669529664 9 1 0.72372436002358 0.90000000000185 192 450 0.00035754603581404 2796.8426435585 177 37.5 2 
178 0.17677669529664 0.17677669529664 8 1 0.72377515519362 0.89999999999908 192 450 0.0003573894419236 2798.0681091686 178 39 2 
179 0.17677669529664 0.17677669529664 9 1 0.72372435954381 0.89999999999796 192 450 0.0003575460355056 2796.8426459712 179 39 2 
180 0.17677669529664 0.17677669529664 8 1 0.72377515473943 0.9 192 450 0.0003573894416525 2798.0681112911 180 38.5 2 
181 0.17677669529664 0.17677669529664 9 1 0.72372435912879 0.89999999999722 192 450 0.0003575460352358 2796.8426480817 181 39 2 
182 0.17677669529664 0.17677669529664 8 1 0.72377515434469 0.89999999999992 192 450 0.00035738944141821 2798.0681131254 182 38.5 2 
183 0.17677669529664 0.17677669529664 9 1 0.72372435876943 0.89999999999829 192 450 0.00035754603500029 2796.8426499239 183 38 2 
184 0.17677669529664 0.17677669529664 8 1 0.72377515400182 0.90000000000007 192 450 0.00035738944121457 2798.0681147198 184 38.5 2 
185 0.17677669529664 0.17677669529664 9 1 0.72372435845739 0.89999999999914 192 450 0.00035754603479604 2796.8426515216 185 37 2 
186 0.17677669529664 0.17677669529664 8 1 0.72377515370493 0.90000000000182 192 450 0.00035738944103642 2798.0681161145 186 39 2 
187 0.17677669529664 0.17677669529664 9 1 0.72372435818593 0.89999999999905 192 450 0.00035754603461949 2796.8426529027 187 38.5 2 
188 0.17677669529664 0.17677669529664 8 1 0.72377515344712 0.900000000003 192 450 0.00035738944088239 2798.0681173204 188 37 2 
189 0.17677669529664 0.17677669529664 9 1 0.72372435795142 0.90000000000125 192 450 0.0003575460344643 2796.8426541166 189 38.5 2 
190 0.17677669529664 0.17677669529664 8 1 0.7237751532212 0.90000000000039 192 450 0.0003573894407519 2798.0681183421 190 37.5 2 
191 0.17677669529664 0.17677669529664 9 1 0.72372435774796 0.90000000000296 192 450 0.00035754603433011 2796.8426551663 191 38.5 2 
192 0.17677669529664 0.17677669529664 8 1 0.72377515302483 0.89999999999777 192 450 0.00035738944063903 2798.0681192258 192 39 2 
193 0.17677669529664 0.17677669529664 9 1 0.72372435757036 0.90000000000214 192 450 0.00035754603421602 2796.8426560587 193 38.5 2 
194 0.17677669529664 0.17677669529664 8 1 0.7237751528571 0.90000000000075 192 450 0.00035738944053644 2798.068120029 194 36 2 
195 0.17677669529664 0.17677669529664 9 1 0.72372435741491 0.90000000000068 192 450 0.00035754603411687 2796.8426568343 195 39 2 
196 0.17677669529664 0.17677669529664 8 1 0.72377515271026 0.90000000000078 192 450 0.00035738944044989 2798.0681207066 196 39 2 
197 0.17677669529664 0.17677669529664 9 1 0.72372435727926 0.89999999999723 192 450 0.00035754603403331 2796.8426574879 197 38.5 2 
198 0.17677669529664 0.17677669529664 8 1 0.72377515258192 0.89999999999879 192 450 0.00035738944037687 2798.0681212782 198 39 2 
199 0.17677669529664 0.17677669529664 9 1 0.72372435716583 0.90000000000292 192 450 0.0003575460339528 2796.8426581177 199 39.5 2 
200 0.17677669529664 0.17677669529664 8 1 0.72377515247084 0.90000000000006 192 450 0.00035738944030957 2798.0681218052 200 37.5 2 
201 0.17677669529664 0.17677669529664 9 1 0.72372435706351 0.90000000000127 192 450 0.00035754603388846 2796.842658621 201 36 2 
202 0.17677669529664 0.17677669529664 8 1 0.72377515237448 0.90000000000005 192 450 0.00035738944025292 2798.0681222487 202 39 2 
203 0.17677669529664 0.17677669529664 9 1 0.72372435697632 0.90000000000292 192 450 0.00035754603382994 2796.8426590788 203 38 2 
204 0.17677669529664 0.17677669529664 8 1 0.72377515228945 0.8999999999982 192 450 0.00035738944020501 2798.0681226238 204 37.5 2 
205 0.17677669529664 0.17677669529664 9 1 0.72372435689822 0.89999999999886 192 450 0.00035754603378461 2796.8426594333 205 38.5 2 
206 0.17677669529664 0.17677669529664 8 1 0.72377515221707 0.89999999999814 192 450 0.00035738944016278 2798.0681229544 206 39 2 
207 0.17677669529664 0.17677669529664 9 1 0.72372435683124 0.89999999999769 192 450 0.00035754603374278 2796.8426597605 207 38 2 
208 0.17677669529664 0.17677669529664 8 1 0.7237751521555 0.90000000000142 192 450 0.00035738944012264 2798.0681232687 208 39 2 
209 0.17677669529664 0.17677669529664 9 1 0.7237243567738 0.89999999999923 192 450 0.00035754603370353 2796.8426600676 209 39 2 
210 0.17677669529664 0.17677669529664 8 1 0.72377515209934 0.89999999999978 192 450 0.00035738944009149 2798.0681235125 210 38 2 
211 0.17677669529664 0.17677669529664 9 1 0.72372435672378 0.89999999999937 192 450 0.00035754603367105 2796.8426603216 211 39 2 
212 0.17677669529664 0.17677669529664 8 1 0.72377515205132 0.89999999999933 192 450 0.00035738944006385 2798.068123729 212 39.5 2 
213 0.17677669529664 0.17677669529664 9 1 0.72372435668054 0.9 192 450 0.00035754603364236 2796.8426605461 213 38 2 
214 0.17677669529664 0.17677669529664 8 1 0.72377515201069 0.90000000000182 192 450 0.00035738944003684 2798.0681239405 214 39 2 
215 0.17677669529664 0.17677669529664 9 1 0.72372435664173 0.89999999999904 192 450 0.0003575460336183 2796.8426607343 215 38 2 
216 0.17677669529664 0.17677669529664 8 1 0.72377515197381 0.90000000000013 192 450 0.0003573894400173 2798.0681240934 216 38.5 2 
217 0.17677669529664 0.17677669529664 9 1 0.7237243566094 0.90000000000001 192 450 0.00035754603359629 2796.8426609065 217 38.5 2 
218 0.17677669529664 0.17677669529664 8 1 0.72377515194237 0.9000000000004 192 450 0.00035738943999844 2798.068124241 218 35.5 2 
219 0.17677669529664 0.17677669529664 9 1 0.72372435658203 0.90000000000294 192 450 0.00035754603357488 2796.842661074 219 36 2 
220 0.17677669529664 0.17677669529664 8 1 0.72377515191385 0.89999999999863 192 450 0.00035738943998374 2798.0681243562 220 38.5 2 
221 0.17677669529664 0.17677669529664 9 1 0.72372435655535 0.89999999999867 192 450 0.00035754603356312 2796.8426611659 221 37.5 2 
222 0.17677669529664 0.17677669529664 8 1 0.72377515189138 0.90000000000034 192 450 0.00035738943996869 2798.068124474 222 39 2 
223 0.17677669529664 0.17677669529664 9 1 0.72372435653395 0.89999999999973 192 450 0.00035754603354788 2796.8426612852 223 39 2 
224 0.17677669529664 0.17677669529664 8 1 0.72377515187011 0.89999999999946 192 450 0.0003573894399572 2798.0681245639 224 36.5 2 
225 0.17677669529664 0.17677669529664 9 1 0.7237243565162 0.90000000000178 192 450 0.00035754603353388 2796.8426613946 225 37.5 2 
226 0.17677669529664 0.17677669529664 8 1 0.72377515185204 0.89999999999979 192 450 0.00035738943994607 2798.0681246511 226 38.5 2 
227 0.17677669529664 0.17677669529664 9 1 0.72372435649839 0.89999999999898 192 450 0.00035754603352585 2796.8426614575 227 38.5 2 
228 0.17677669529664 0.17677669529664 8 1 0.72377515183593 0.89999999999797 192 450 0.00035738943993904 2798.0681247062 228 38.5 2 
229 0.17677669529664 0.17677669529664 9 1 0.72372435648478 0.89999999999979 192 450 0.00035754603351617 2796.8426615332 229 38 2 
230 0.17677669529664 0.17677669529664 8 1 0.72377515182309 0.89999999999992 192 450 0.00035738943992903 2798.0681247845 230 38.5 2 
231 0.17677669529664 0.17677669529664 9 1 0.72372435647275 0.90000000000114 192 450 0.00035754603350658 2796.8426616082 231 39 2 
232 0.17677669529664 0.17677669529664 8 1 0.7237751518103 0.89999999999821 192 450 0.00035738943992355 2798.0681248274 232 37.5 2 
233 0.17677669529664 0.17677669529664 9 1 0.72372435646029 0.89999999999723 192 450 0.00035754603350352 2796.8426616321 233 38 2 
234 0.17677669529664 0.17677669529664 8 1 0.72377515180101 0.89999999999933 192 450 0.00035738943991694 2798.0681248792 234 37 2 
235 0.17677669529664 0.17677669529664 9 1 0.72372435645136 0.89999999999825 192 450 0.00035754603349647 2796.8426616873 235 38.5 2 
236 0.17677669529664 0.17677669529664 8 1 0.72377515179292 0.90000000000121 192 450 0.00035738943990986 2798.0681249345 236 38.5 2 
237 0.17677669529664 0.17677669529664 9 1 0.72372435644477 0.90000000000215 192 450 0.00035754603348718 2796.84266176 237 39 2 
238 0.17677669529664 0.17677669529664 8 1 0.72377515178475 0.90000000000145 192 450 0.00035738943990453 2798.0681249763 238 38 2 
239 0.17677669529664 0.17677669529664 9 1 0.72372435643614 0.89999999999897 192 450 0.00035754603348559 2796.8426617724 239 37.5 2 
240 0.17677669529664 0.17677669529664 8 1 0.72377515177844 0.90000000000161 192 450 0.0003573894399008 2798.0681250055 240 38.5 2 
241 0.17677669529664 0.17677669529664 9 1 0.723724356429 0.89999999999704 192 450 0.00035754603348341 2796.8426617895 241 38.5 2 
242 0.17677669529664 0.17677669529664 8 1 0.72377515177109 0.89999999999818 192 450 0.00035738943990079 2798.0681250056 242 38 2 
243 0.17677669529664 0.17677669529664 9 1 0.72372435642492 0.89999999999877 192 450 0.00035754603347877 2796.8426618257 243 39 2 
244 0.17677669529664 0.17677669529664 8 1 0.72377515176645 0.89999999999927 192 450 0.00035738943989671 2798.0681250376 244 39 2 
245 0.17677669529664 0.17677669529664 9 1 0.72372435642079 0.9000000000002 192 450 0.00035754603347424 2796.8426618612 245 38.5 2 
246 0.17677669529664 0.17677669529664 8 1 0.72377515176277 0.90000000000132 192 450 0.00035738943989193 2798.0681250749 246 39.5 2 
247 0.17677669529664 0.17677669529664 9 1 0.7237243564164 0.90000000000009 192 450 0.00035754603347143 2796.8426618832 247 39 2 
248 0.17677669529664 0.17677669529664 8 1 0.72377515175941 0.90000000000252 192 450 0.00035738943988845 2798.0681251022 248 38.5 2 
249 0.17677669529664 0.17677669529664 9 1 0.72372435641251 0.89999999999973 192 450 0.0003575460334693 2796.8426618998 249 39 2 
250 0.17677669529664 0.17677669529664 8 1 0.72377515175371 0.89999999999764 192 450 0.0003573894398911 2798.0681250815 250 38.5 2 
251 0.17677669529664 0.17677669529664 9 1 0.72372435641008 0.89999999999981 192 450 0.00035754603346788 2796.8426619109 251 37.5 2 
252 0.17677669529664 0.17677669529664 8 1 0.72377515175194 0.90000000000004 192 450 0.00035738943988713 2798.0681251125 252 38 2 
253 0.17677669529664 0.17677669529664 9 1 0.72372435640827 0.90000000000212 192 450 0.00035754603346368 2796.8426619438 253 37.5 2 
254 0.17677669529664 0.17677669529664 8 1 0.72377515174868 0.89999999999915 192 450 0.00035738943988617 2798.06812512 254 38.5 2 
255 0.17677669529664 0.17677669529664 9 1 0.72372435640401 0.89999999999769 192 450 0.00035754603346657 2796.8426619212 255 36 2 
256 0.17677669529664 0.17677669529664 8 1 0.72377515174632 0.89999999999762 192 450 0.00035738943988695 2798.0681251139 256 39 2 
257 0.17677669529664 0.17677669529664 9 1 0.72372435640315 0.89999999999971 192 450 0.00035754603346358 2796.8426619446 257 36 2 
258 0.17677669529664 0.17677669529664 8 1 0.72377515174402 0.8999999999972 192 450 0.00035738943988603 2798.0681251211 258 39.5 2 
259 0.17677669529664 0.17677669529664 9 1 0.72372435640168 0.90000000000024 192 450 0.00035754603346196 2796.8426619573 259 37.5 2 
260 0.17677669529664 0.17677669529664 8 1 0.72377515174454 0.90000000000196 192 450 0.00035738943988045 2798.0681251649 260 39 2 
261 0.17677669529664 0.17677669529664 9 1 0.7237243563995 0.89999999999997 192 450 0.00035754603346068 2796.8426619673 261 37.5 2 
262 0.17677669529664 0.17677669529664 8 1 0.72377515174205 0.89999999999988 192 450 0.00035738943988152 2798.0681251565 262 37.5 2 
263 0.17677669529664 0.17677669529664 9 1 0.72372435639949 0.90000000000238 192 450 0.00035754603345771 2796.8426619905 263 37.5 2 
264 0.17677669529664 0.17677669529664 8 1 0.72377515174091 0.90000000000067 192 450 0.00035738943987977 2798.0681251702 264 37.5 2 
265 0.17677669529664 0.17677669529664 9 1 0.72372435639792 0.90000000000173 192 450 0.00035754603345746 2796.8426619925 265 37.5 2 
266 0.17677669529664 0.17677669529664 8 1 0.7237751517388 0.89999999999848 192 450 0.00035738943988123 2798.0681251587 266 37.5 2 
267 0.17677669529664 0.17677669529664 9 1 0.72372435639532 0.89999999999793 192 450 0.00035754603346066 2796.8426619674 267 39 2 
268 0.17677669529664 0.17677669529664 8 1 0.7237751517388 0.89999999999934 192 450 0.00035738943988044 2798.0681251649 268 37.5 2 
269 0.17677669529664 0.17677669529664 9 1 0.72372435639422 0.89999999999753 192 450 0.00035754603346045 2796.8426619691 269 39 2 
270 0.17677669529664 0.17677669529664 8 1 0.72377515173736 0.89999999999792 192 450 0.00035738943988136 2798.0681251577 270 37 2 
271 0.17677669529664 0.17677669529664 9 1 0.72372435639553 0.90000000000128 192 450 0.00035754603345669 2796.8426619985 271 37 2 
272 0.17677669529664 0.17677669529664 8 1 0.72377515173763 0.90000000000107 192 450 0.00035738943987742 2798.0681251886 272 37.5 2 
273 0.17677669529664 0.17677669529664 9 1 0.72372435639263 0.89999999999761 192 450 0.00035754603345921 2796.8426619788 273 38.5 2 
274 0.17677669529664 0.17677669529664 8 1 0.7237751517382 0.90000000000267 192 450 0.00035738943987598 2798.0681251998 274 37.5 2 
275 0.17677669529664 0.17677669529664 9 1 0.72372435639221 0.89999999999829 192 450 0.00035754603345804 2796.8426619879 275 38.5 2 
276 0.17677669529664 0.17677669529664 8 1 0.72377515173764 0.90000000000279 192 450 0.00035738943987546 2798.0681252039 276 37.5 2 
277 0.17677669529664 0.17677669529664 9 1 0.72372435639139 0.89999999999771 192 450 0.00035754603345823 2796.8426619864 277 38.5 2 
278 0.17677669529664 0.17677669529664 8 1 0.72377515173662 0.90000000000153 192 450 0.00035738943987643 2798.0681251963 278 39 2 
279 0.17677669529664 0.17677669529664 9 1 0.72372435639329 0.90000000000234 192 450 0.00035754603345368 2796.842662022 279 37 2 
280 0.17677669529664 0.17677669529664 8 1 0.72377515173467 0.89999999999958 192 450 0.0003573894398774 2798.0681251887 280 37 2 
281 0.17677669529664 0.17677669529664 9 1 0.72372435639193 0.89999999999966 192 450 0.00035754603345628 2796.8426620017 281 38.5 2 
282 0.17677669529664 0.17677669529664 8 1 0.723775151736 0.9000000000023 192 450 0.00035738943987504 2798.0681252072 282 39 2 
283 0.17677669529664 0.17677669529664 9 1 0.72372435639249 0.90000000000233 192 450 0.00035754603345314 2796.8426620263 283 37 2 
284 0.17677669529664 0.17677669529664 8 1 0.72377515173351 0.89999999999863 192 450 0.00035738943987788 2798.0681251849 284 37 2 
285 0.17677669529664 0.17677669529664 9 1 0.7237243563905 0.89999999999776 192 450 0.00035754603345778 2796.8426619899 285 38.5 2 
286 0.17677669529664 0.17677669529664 8 1 0.72377515173425 0.89999999999944 192 450 0.00035738943987764 2798.0681251869 286 37 2 
287 0.17677669529664 0.17677669529664 9 1 0.72372435639045 0.8999999999982 192 450 0.00035754603345721 2796.8426619944 287 38.5 2 
288 0.17677669529664 0.17677669529664 8 1 0.72377515173413 0.89999999999971 192 450 0.00035738943987722 2798.0681251901 288 37 2 
289 0.17677669529664 0.17677669529664 9 1 0.72372435639021 0.89999999999821 192 450 0.00035754603345703 2796.8426619958 289 38.5 2 
290 0.17677669529664 0.17677669529664 8 1 0.72377515173381 0.89999999999946 192 450 0.00035738943987733 2798.0681251892 290 37 2 
291 0.17677669529664 0.17677669529664 9 1 0.7237243563898 0.89999999999767 192 450 0.00035754603345744 2796.8426619926 291 38.5 2 
292 0.17677669529664 0.17677669529664 8 1 0.72377515173331 0.89999999999865 192 450 0.00035738943987806 2798.0681251836 292 39 2 
293 0.17677669529664 0.17677669529664 9 1 0.72372435639078 0.89999999999988 192 450 0.00035754603345534 2796.842662009 293 38.5 2 
294 0.17677669529664 0.17677669529664 8 1 0.72377515173394 0.90000000000077 192 450 0.00035738943987572 2798.0681252018 294 39.5 2 
295 0.17677669529664 0.17677669529664 9 1 0.72372435639142 0.90000000000218 192 450 0.00035754603345272 2796.8426620296 295 38 2 
296 0.17677669529664 0.17677669529664 8 1 0.72377515173305 0.90000000000008 192 450 0.00035738943987586 2798.0681252008 296 37 2 
297 0.17677669529664 0.17677669529664 9 1 0.72372435638933 0.89999999999787 192 450 0.00035754603345683 2796.8426619974 297 38.5 2 
298 0.17677669529664 0.17677669529664 8 1 0.72377515173263 0.89999999999824 192 450 0.00035738943987814 2798.0681251829 298 38.5 2 
299 0.17677669529664 0.17677669529664 9 1 0.72372435639153 0.9000000000022 192 450 0.0003575460334529 2796.8426620281 299 37.5 2 
300 0.17677669529664 0.17677669529664 8 1 0.72377515173422 0.90000000000294 192 450 0.00035738943987304 2798.0681252228 300 39 2 
301 0.17677669529664 0.17677669529664 9 1 0.7237243563902 0.900000000001 192 450 0.00035754603345327 2796.8426620252 301 38.5 2 
302 0.17677669529664 0.17677669529664 8 1 0.7237751517336 0.90000000000146 192 450 0.00035738943987457 2798.0681252109 302 39 2 
303 0.17677669529664 0.17677669529664 9 1 0.72372435638933 0.89999999999908 192 450 0.0003575460334552 2796.8426620101 303 38.5 2 
304 0.17677669529664 0.17677669529664 8 1 0.72377515173271 0.89999999999929 192 450 0.00035738943987682 2798.0681251933 304 38.5 2 
305 0.17677669529664 0.17677669529664 9 1 0.72372435639149 0.90000000000296 192 450 0.00035754603345187 2796.8426620362 305 38 2 
306 0.17677669529664 0.17677669529664 8 1 0.72377515173258 0.90000000000021 192 450 0.00035738943987539 2798.0681252044 306 37 2 
307 0.17677669529664 0.17677669529664 9 1 0.72372435638871 0.89999999999748 192 450 0.0003575460334569 2796.8426619968 307 38.5 2 
308 0.17677669529664 0.17677669529664 8 1 0.7237751517318 0.89999999999727 192 450 0.00035738943987886 2798.0681251773 308 38.5 2 
309 0.17677669529664 0.17677669529664 9 1 0.72372435639052 0.90000000000062 192 450 0.00035754603345428 2796.8426620173 309 38.5 2 
310 0.17677669529664 0.17677669529664 8 1 0.72377515173304 0.90000000000054 192 450 0.00035738943987545 2798.068125204 310 37 2 
311 0.17677669529664 0.17677669529664 9 1 0.72372435638871 0.89999999999765 192 450 0.0003575460334567 2796.8426619984 311 38.5 2 
312 0.17677669529664 0.17677669529664 8 1 0.72377515173178 0.89999999999741 192 450 0.00035738943987868 2798.0681251787 312 38.5 2 
313 0.17677669529664 0.17677669529664 9 1 0.72372435639044 0.90000000000067 192 450 0.00035754603345417 2796.8426620182 313 38.5 2 
314 0.17677669529664 0.17677669529664 8 1 0.72377515173294 0.9000000000005 192 450 0.00035738943987543 2798.0681252041 314 37 2 
315 0.17677669529664 0.17677669529664 9 1 0.72372435638858 0.89999999999751 192 450 0.00035754603345679 2796.8426619977 315 38.5 2 
316 0.17677669529664 0.17677669529664 8 1 0.72377515173161 0.89999999999717 192 450 0.00035738943987888 2798.0681251771 316 38.5 2 
317 0.17677669529664 0.17677669529664 9 1 0.72372435639024 0.90000000000032 192 450 0.00035754603345448 2796.8426620157 317 38.5 2 
318 0.17677669529664 0.17677669529664 8 1 0.7237751517327 0.90000000000005 192 450 0.00035738943987587 2798.0681252007 318 39 2 
319 0.17677669529664 0.17677669529664 9 1 0.72372435638988 0.90000000000025 192 450 0.0003575460334542 2796.8426620179 319 38.5 2 
320 0.17677669529664 0.17677669529664 8 1 0.72377515173263 0.90000000000001 192 450 0.00035738943987586 2798.0681252008 320 39 2 
321 0.17677669529664 0.17677669529664 9 1 0.72372435638977 0.90000000000011 192 450 0.00035754603345431 2796.8426620171 321 38.5 2 
322 0.17677669529664 0.17677669529664 8 1 0.72377515173253 0.89999999999982 192 450 0.00035738943987603 2798.0681251994 322 39 2 
323 0.17677669529664 0.17677669529664 9 1 0.72372435638966 0.89999999999987 192 450 0.00035754603345454 2796.8426620153 323 38.5 2 
324 0.17677669529664 0.17677669529664 8 1 0.7237751517324 0.89999999999954 192 450 0.00035738943987632 2798.0681251972 324 38.5 2 
325 0.17677669529664 0.17677669529664 9 1 0.72372435639109 0.90000000000285 192 450 0.00035754603345173 2796.8426620372 325 37.5 2 
326 0.17677669529664 0.17677669529664 8 1 0.72377515173353 0.90000000000288 192 450 0.00035738943987266 2798.0681252258 326 39 2 
327 0.17677669529664 0.17677669529664 9 1 0.72372435638929 0.90000000000021 192 450 0.00035754603345367 2796.8426620221 327 38.5 2 
328 0.17677669529664 0.17677669529664 8 1 0.72377515173245 0.89999999999993 192 450 0.0003573894398758 2798.0681252012 328 39 2 
329 0.17677669529664 0.17677669529664 9 1 0.72372435638954 0.89999999999983 192 450 0.0003575460334545 2796.8426620156 329 38.5 2 
330 0.17677669529664 0.17677669529664 8 1 0.72377515173229 0.89999999999942 192 450 0.00035738943987639 2798.0681251966 330 38.5 2 
331 0.17677669529664 0.17677669529664 9 1 0.72372435639095 0.90000000000264 192 450 0.00035754603345191 2796.8426620359 331 37.5 2 
332 0.17677669529664 0.17677669529664 8 1 0.72377515173337 0.9000000000026 192 450 0.00035738943987292 2798.0681252237 332 39 2 
333 0.17677669529664 0.17677669529664 9 1 0.7237243563891 0.89999999999984 192 450 0.00035754603345403 2796.8426620192 333 38.5 2 
334 0.17677669529664 0.17677669529664 8 1 0.72377515173224 0.89999999999948 192 450 0.00035738943987626 2798.0681251976 334 38.5 2 
335 0.17677669529664 0.17677669529664 9 1 0.72372435639087 0.90000000000259 192 450 0.00035754603345191 2796.8426620358 335 37.5 2 
336 0.17677669529664 0.17677669529664 8 1 0.7237751517333 0.90000000000251 192 450 0.00035738943987299 2798.0681252232 336 39 2 
337 0.17677669529664 0.17677669529664 9 1 0.72372435638902 0.8999999999997 192 450 0.00035754603345415 2796.8426620183 337 38.5 2 
338 0.17677669529664 0.17677669529664 8 1 0.72377515173215 0.89999999999931 192 450 0.00035738943987643 2798.0681251963 338 38.5 2 
339 0.17677669529664 0.17677669529664 9 1 0.72372435639077 0.90000000000238 192 450 0.00035754603345212 2796.8426620342 339 37.5 2 
340 0.17677669529664 0.17677669529664 8 1 0.72377515173319 0.90000000000225 192 450 0.00035738943987326 2798.0681252212 340 39 2 
341 0.17677669529664 0.17677669529664 9 1 0.72372435638889 0.8999999999994 192 450 0.00035754603345446 2796.8426620159 341 38.5 2 
342 0.17677669529664 0.17677669529664 8 1 0.72377515173201 0.89999999999896 192 450 0.00035738943987679 2798.0681251935 342 38.5 2 
343 0.17677669529664 0.17677669529664 9 1 0.72372435639061 0.90000000000198 192 450 0.00035754603345254 2796.8426620309 343 37.5 2 
344 0.17677669529664 0.17677669529664 8 1 0.72377515173301 0.9000000000018 192 450 0.00035738943987373 2798.0681252175 344 39 2 
345 0.17677669529664 0.17677669529664 9 1 0.7237243563887 0.89999999999889 192 450 0.000357546033455 2796.8426620117 345 38.5 2 
346 0.17677669529664 0.17677669529664 8 1 0.72377515173179 0.8999999999984 192 450 0.00035738943987738 2798.0681251888 346 38.5 2 
347 0.17677669529664 0.17677669529664 9 1 0.72372435639037 0.90000000000135 192 450 0.0003575460334532 2796.8426620258 347 38.5 2 
348 0.17677669529664 0.17677669529664 8 1 0.72377515173279 0.90000000000091 192 450 0.0003573894398748 2798.0681252091 348 37 2 
349 0.17677669529664 0.17677669529664 9 1 0.72372435638834 0.89999999999762 192 450 0.00035754603345647 2796.8426620002 349 38.5 2 
350 0.17677669529664 0.17677669529664 8 1 0.72377515173129 0.899999999997 192 450 0.00035738943987889 2798.068125177 350 38.5 2 
351 0.17677669529664 0.17677669529664 9 1 0.72372435638983 0.89999999999985 192 450 0.00035754603345482 2796.8426620131 351 38.5 2 
352 0.17677669529664 0.17677669529664 8 1 0.7237751517322 0.89999999999928 192 450 0.00035738943987654 2798.0681251954 352 38.5 2 
353 0.17677669529664 0.17677669529664 9 1 0.72372435639085 0.90000000000248 192 450 0.00035754603345206 2796.8426620347 353 37.5 2 
354 0.17677669529664 0.17677669529664 8 1 0.72377515173321 0.90000000000234 192 450 0.00035738943987316 2798.0681252219 354 39 2 
355 0.17677669529664 0.17677669529664 9 1 0.72372435638892 0.89999999999949 192 450 0.00035754603345436 2796.8426620167 355 38.5 2 
356 0.17677669529664 0.17677669529664 8 1 0.72377515173202 0.89999999999903 192 450 0.0003573894398767 2798.0681251942 356 38.5 2 
357 0.17677669529664 0.17677669529664 9 1 0.72372435639062 0.90000000000205 192 450 0.00035754603345245 2796.8426620316 357 37.5 2 
358 0.17677669529664 0.17677669529664 8 1 0.72377515173301 0.90000000000186 192 450 0.00035738943987365 2798.068125218 358 39 2 
359 0.17677669529664 0.17677669529664 9 1 0.7237243563887 0.89999999999894 192 450 0.00035754603345493 2796.8426620122 359 38.5 2 
360 0.17677669529664 0.17677669529664 8 1 0.72377515173178 0.89999999999843 192 450 0.00035738943987734 2798.0681251892 360 38.5 2 
361 0.17677669529664 0.17677669529664 9 1 0.72372435639036 0.90000000000137 192 450 0.00035754603345317 2796.842662026 361 39 2 
362 0.17677669529664 0.17677669529664 8 1 0.72377515173121 0.89999999999777 192 450 0.0003573894398777 2798.0681251864 362 38.5 2 
363 0.17677669529664 0.17677669529664 9 1 0.72372435639019 0.90000000000086 192 450 0.00035754603345372 2796.8426620217 363 38.5 2 
364 0.17677669529664 0.17677669529664 8 1 0.72377515173253 0.9000000000003 192 450 0.00035738943987542 2798.0681252042 364 39 2 
365 0.17677669529664 0.17677669529664 9 1 0.72372435638966 0.90000000000026 192 450 0.00035754603345403 2796.8426620193 365 38.5 2 
366 0.17677669529664 0.17677669529664 8 1 0.72377515173232 0.89999999999977 192 450 0.00035738943987597 2798.0681251999 366 38.5 2 
367 0.17677669529664 0.17677669529664 9 1 0.72372435639097 0.90000000000293 192 450 0.00035754603345154 2796.8426620387 367 37.5 2 
368 0.17677669529664 0.17677669529664 8 1 0.72377515173336 0.90000000000281 192 450 0.00035738943987265 2798.0681252259 368 39 2 
369 0.17677669529664 0.17677669529664 9 1 0.72372435638908 0.89999999999998 192 450 0.00035754603345383 2796.8426620209 369 38.5 2 
370 0.17677669529664 0.17677669529664 8 1 0.72377515173219 0.89999999999954 192 450 0.00035738943987614 2798.0681251986 370 38.5 2 
371 0.17677669529664 0.17677669529664 9 1 0.7237243563908 0.90000000000259 192 450 0.00035754603345187 2796.8426620362 371 37.5 2 
372 0.17677669529664 0.17677669529664 8 1 0.72377515173321 0.90000000000243 192 450 0.00035738943987303 2798.0681252229 372 39 2 
373 0.17677669529664 0.17677669529664 9 1 0.72372435638891 0.89999999999955 192 450 0.00035754603345427 2796.8426620174 373 38.5 2 
374 0.17677669529664 0.17677669529664 8 1 0.72377515173201 0.89999999999908 192 450 0.00035738943987663 2798.0681251947 374 38.5 2 
375 0.17677669529664 0.17677669529664 9 1 0.7237243563906 0.90000000000207 192 450 0.00035754603345242 2796.8426620319 375 37.5 2 
376 0.17677669529664 0.17677669529664 8 1 0.723775151733 0.90000000000186 192 450 0.00035738943987364 2798.0681252181 376 39 2 
377 0.17677669529664 0.17677669529664 9 1 0.72372435638867 0.89999999999892 192 450 0.00035754603345495 2796.8426620121 377 38.5 2 
378 0.17677669529664 0.17677669529664 8 1 0.72377515173176 0.89999999999839 192 450 0.00035738943987737 2798.0681251889 378 38.5 2 
379 0.17677669529664 0.17677669529664 9 1 0.72372435639033 0.90000000000131 192 450 0.00035754603345322 2796.8426620256 379 38.5 2 
380 0.17677669529664 0.17677669529664 8 1 0.72377515173273 0.90000000000083 192 450 0.00035738943987486 2798.0681252086 380 37 2 
381 0.17677669529664 0.17677669529664 9 1 0.72372435638827 0.89999999999752 192 450 0.00035754603345657 2796.8426619994 381 39.5 2 
382 0.17677669529664 0.17677669529664 8 1 0.72377515173276 0.9000000000001 192 450 0.00035738943987594 2798.0681252001 382 39 2 
383 0.17677669529664 0.17677669529664 9 1 0.72372435638949 0.89999999999986 192 450 0.00035754603345446 2796.8426620159 383 38.5 2 
384 0.17677669529664 0.17677669529664 8 1 0.7237751517322 0.89999999999938 192 450 0.00035738943987639 2798.0681251966 384 38.5 2 
385 0.17677669529664 0.17677669529664 9 1 0.72372435639081 0.9000000000025 192 450 0.000357546033452 2796.8426620352 385 37.5 2 
386 0.17677669529664 0.17677669529664 8 1 0.7237751517332 0.90000000000235 192 450 0.00035738943987313 2798.0681252221 386 39 2 
387 0.17677669529664 0.17677669529664 9 1 0.72372435638889 0.89999999999947 192 450 0.00035754603345436 2796.8426620167 387 38.5 2 
388 0.17677669529664 0.17677669529664 8 1 0.72377515173199 0.899999999999 192 450 0.00035738943987672 2798.068125194 388 38.5 2 
389 0.17677669529664 0.17677669529664 9 1 0.72372435639058 0.90000000000199 192 450 0.00035754603345251 2796.8426620312 389 37.5 2 
390 0.17677669529664 0.17677669529664 8 1 0.72377515173297 0.90000000000178 192 450 0.00035738943987373 2798.0681252174 390 39 2 
391 0.17677669529664 0.17677669529664 9 1 0.72372435638865 0.89999999999884 192 450 0.00035754603345504 2796.8426620114 391 38.5 2 
392 0.17677669529664 0.17677669529664 8 1 0.72377515173173 0.8999999999983 192 450 0.00035738943987747 2798.0681251882 392 38.5 2 
393 0.17677669529664 0.17677669529664 9 1 0.72372435639029 0.90000000000122 192 450 0.00035754603345332 2796.8426620248 393 38.5 2 
394 0.17677669529664 0.17677669529664 8 1 0.7237751517327 0.90000000000073 192 450 0.00035738943987497 2798.0681252078 394 37 2 
395 0.17677669529664 0.17677669529664 9 1 0.72372435638824 0.89999999999741 192 450 0.00035754603345668 2796.8426619985 395 39.5 2 
396 0.17677669529664 0.17677669529664 8 1 0.72377515173271 0.89999999999998 192 450 0.00035738943987607 2798.0681251991 396 39 2 
397 0.17677669529664 0.17677669529664 9 1 0.72372435638945 0.89999999999974 192 450 0.00035754603345459 2796.8426620149 397 38.5 2 
398 0.17677669529664 0.17677669529664 8 1 0.72377515173215 0.89999999999925 192 450 0.00035738943987654 2798.0681251955 398 38.5 2 
399 0.17677669529664 0.17677669529664 9 1 0.72372435639076 0.90000000000236 192 450 0.00035754603345216 2796.8426620339 399 37.5 2 
400 0.17677669529664 0.17677669529664 8 1 0.72377515173314 0.9000000000022 192 450 0.0003573894398733 2798.0681252208 400 39 2 
401 0.17677669529664 0.17677669529664 9 1 0.72372435638883 0.8999999999993 192 450 0.00035754603345455 2796.8426620152 401 38.5 2 
402 0.17677669529664 0.17677669529664 8 1 0.72377515173192 0.89999999999881 192 450 0.00035738943987692 2798.0681251925 402 38.5 2 
403 0.17677669529664 0.17677669529664 9 1 0.7237243563905 0.90000000000179 192 450 0.00035754603345272 2796.8426620295 403 37.5 2 
404 0.17677669529664 0.17677669529664 8 1 0.72377515173289 0.90000000000156 192 450 0.00035738943987396 2798.0681252156 404 39 2 
405 0.17677669529664 0.17677669529664 9 1 0.72372435638856 0.8999999999986 192 450 0.00035754603345529 2796.8426620094 405 38.5 2 
406 0.17677669529664 0.17677669529664 8 1 0.72377515173163 0.89999999999805 192 450 0.00035738943987774 2798.0681251861 406 38.5 2 
407 0.17677669529664 0.17677669529664 9 1 0.72372435639019 0.90000000000095 192 450 0.00035754603345362 2796.8426620225 407 38.5 2 
408 0.17677669529664 0.17677669529664 8 1 0.72377515173259 0.90000000000044 192 450 0.00035738943987529 2798.0681252053 408 37 2 
409 0.17677669529664 0.17677669529664 9 1 0.72372435638812 0.89999999999709 192 450 0.00035754603345703 2796.8426619958 409 39 2 
410 0.17677669529664 0.17677669529664 8 1 0.72377515173413 0.90000000000288 192 450 0.00035738943987336 2798.0681252204 410 39 2 
411 0.17677669529664 0.17677669529664 9 1 0.72372435638904 0.89999999999981 192 450 0.00035754603345407 2796.842662019 411 38.5 2 
412 0.17677669529664 0.17677669529664 8 1 0.72377515173222 0.89999999999948 192 450 0.00035738943987626 2798.0681251976 412 38.5 2 
413 0.17677669529664 0.17677669529664 9 1 0.72372435639078 0.90000000000251 192 450 0.00035754603345195 2796.8426620355 413 37.5 2 
414 0.17677669529664 0.17677669529664 8 1 0.72377515173319 0.90000000000237 192 450 0.00035738943987311 2798.0681252223 414 39 2 
415 0.17677669529664 0.17677669529664 9 1 0.72372435638888 0.89999999999948 192 450 0.00035754603345435 2796.8426620168 415 38.5 2 
416 0.17677669529664 0.17677669529664 8 1 0.72377515173198 0.899999999999 192 450 0.00035738943987671 2798.0681251941 416 38.5 2 
417 0.17677669529664 0.17677669529664 9 1 0.72372435639057 0.90000000000198 192 450 0.00035754603345251 2796.8426620312 417 37.5 2 
418 0.17677669529664 0.17677669529664 8 1 0.72377515173296 0.90000000000177 192 450 0.00035738943987374 2798.0681252174 418 39 2 
419 0.17677669529664 0.17677669529664 9 1 0.72372435638863 0.89999999999882 192 450 0.00035754603345505 2796.8426620113 419 38.5 2 
420 0.17677669529664 0.17677669529664 8 1 0.72377515173171 0.89999999999828 192 450 0.00035738943987749 2798.068125188 420 38.5 2 
421 0.17677669529664 0.17677669529664 9 1 0.72372435639028 0.90000000000119 192 450 0.00035754603345336 2796.8426620245 421 38.5 2 
422 0.17677669529664 0.17677669529664 8 1 0.72377515173268 0.9000000000007 192 450 0.000357389439875 2798.0681252075 422 37 2 
423 0.17677669529664 0.17677669529664 9 1 0.72372435638822 0.89999999999736 192 450 0.00035754603345673 2796.8426619982 423 39.5 2 
424 0.17677669529664 0.17677669529664 8 1 0.72377515173269 0.89999999999993 192 450 0.00035738943987612 2798.0681251987 424 38.5 2 
425 0.17677669529664 0.17677669529664 9 1 0.723724356391 0.90000000000299 192 450 0.0003575460334515 2796.8426620391 425 37.5 2 
426 0.17677669529664 0.17677669529664 8 1 0.72377515173341 0.90000000000291 192 450 0.00035738943987255 2798.0681252267 426 39 2 
427 0.17677669529664 0.17677669529664 9 1 0.72372435638911 0.90000000000008 192 450 0.00035754603345371 2796.8426620217 427 38.5 2 
428 0.17677669529664 0.17677669529664 8 1 0.72377515173222 0.89999999999966 192 450 0.00035738943987602 2798.0681251995 428 38.5 2 
429 0.17677669529664 0.17677669529664 9 1 0.72372435639083 0.9000000000027 192 450 0.00035754603345174 2796.8426620372 429 37.5 2 
430 0.17677669529664 0.17677669529664 8 1 0.72377515173324 0.90000000000255 192 450 0.00035738943987291 2798.0681252239 430 39 2 
431 0.17677669529664 0.17677669529664 9 1 0.72372435638894 0.89999999999966 192 450 0.00035754603345415 2796.8426620184 431 38.5 2 
432 0.17677669529664 0.17677669529664 8 1 0.72377515173204 0.89999999999919 192 450 0.00035738943987651 2798.0681251957 432 38.5 2 
433 0.17677669529664 0.17677669529664 9 1 0.72372435639064 0.90000000000218 192 450 0.00035754603345229 2796.8426620329 433 37.5 2 
434 0.17677669529664 0.17677669529664 8 1 0.72377515173303 0.90000000000198 192 450 0.00035738943987351 2798.0681252192 434 39 2 
435 0.17677669529664 0.17677669529664 9 1 0.72372435638871 0.89999999999904 192 450 0.00035754603345481 2796.8426620132 435 38.5 2 
436 0.17677669529664 0.17677669529664 8 1 0.7237751517318 0.89999999999851 192 450 0.00035738943987723 2798.06812519 436 38.5 2 
437 0.17677669529664 0.17677669529664 9 1 0.72372435639037 0.90000000000145 192 450 0.00035754603345308 2796.8426620267 437 39 2 
438 0.17677669529664 0.17677669529664 8 1 0.72377515173122 0.89999999999783 192 450 0.00035738943987762 2798.068125187 438 38.5 2 
439 0.17677669529664 0.17677669529664 9 1 0.72372435639019 0.90000000000091 192 450 0.00035754603345366 2796.8426620222 439 38.5 2 
440 0.17677669529664 0.17677669529664 8 1 0.72377515173253 0.90000000000033 192 450 0.00035738943987538 2798.0681252045 440 39 2 
441 0.17677669529664 0.17677669529664 9 1 0.72372435638965 0.90000000000028 192 450 0.000357546033454 2796.8426620195 441 38.5 2 
442 0.17677669529664 0.17677669529664 8 1 0.72377515173231 0.89999999999977 192 450 0.00035738943987595 2798.0681252 442 38.5 2 
443 0.17677669529664 0.17677669529664 9 1 0.72372435639096 0.90000000000292 192 450 0.00035754603345154 2796.8426620387 443 37.5 2 
444 0.17677669529664 0.17677669529664 8 1 0.72377515173334 0.90000000000279 192 450 0.00035738943987266 2798.0681252259 444 39 2 
445 0.17677669529664 0.17677669529664 9 1 0.72372435638906 0.89999999999995 192 450 0.00035754603345385 2796.8426620207 445 38.5 2 
446 0.17677669529664 0.17677669529664 8 1 0.72377515173216 0.89999999999951 192 450 0.00035738943987617 2798.0681251983 446 38.5 2 
447 0.17677669529664 0.17677669529664 9 1 0.72372435639077 0.90000000000254 192 450 0.00035754603345191 2796.8426620358 447 37.5 2 
448 0.17677669529664 0.17677669529664 8 1 0.72377515173318 0.90000000000237 192 450 0.0003573894398731 2798.0681252224 448 39 2 
449 0.17677669529664 0.17677669529664 9 1 0.72372435638887 0.89999999999947 192 450 0.00035754603345435 2796.8426620168 449 38.5 2 
450 0.17677669529664 0.17677669529664 8 1 0.72377515173197 0.89999999999899 192 450 0.00035738943987673 2798.068125194 450 38.5 2 
451 0.17677669529664 0.17677669529664 9 1 0.72372435639056 0.90000000000196 192 450 0.00035754603345253 2796.842662031 451 37.5 2 
452 0.17677669529664 0.17677669529664 8 1 0.72377515173295 0.90000000000174 192 450 0.00035738943987377 2798.0681252171 452 39 2 
453 0.17677669529664 0.17677669529664 9 1 0.72372435638862 0.89999999999878 192 450 0.00035754603345509 2796.842662011 453 38.5 2 
454 0.17677669529664 0.17677669529664 8 1 0.7237751517317 0.89999999999824 192 450 0.00035738943987753 2798.0681251877 454 38.5 2 
455 0.17677669529664 0.17677669529664 9 1 0.72372435639026 0.90000000000114 192 450 0.0003575460334534 2796.8426620242 455 38.5 2 
456 0.17677669529664 0.17677669529664 8 1 0.72377515173266 0.90000000000065 192 450 0.00035738943987506 2798.068125207 456 37 2 
457 0.17677669529664 0.17677669529664 9 1 0.7237243563882 0.89999999999731 192 450 0.00035754603345679 2796.8426619977 457 39.5 2 
458 0.17677669529664 0.17677669529664 8 1 0.72377515173267 0.89999999999987 192 450 0.00035738943987619 2798.0681251982 458 38.5 2 
459 0.17677669529664 0.17677669529664 9 1 0.72372435639097 0.90000000000292 192 450 0.00035754603345157 2796.8426620385 459 37.5 2 
460 0.17677669529664 0.17677669529664 8 1 0.72377515173339 0.90000000000284 192 450 0.00035738943987263 2798.0681252261 460 39 2 
461 0.17677669529664 0.17677669529664 9 1 0.72372435638908 0.9 192 450 0.0003575460334538 2796.8426620211 461 38.5 2 
462 0.17677669529664 0.17677669529664 8 1 0.72377515173219 0.89999999999957 192 450 0.00035738943987611 2798.0681251988 462 38.5 2 
463 0.17677669529664 0.17677669529664 9 1 0.7237243563908 0.9000000000026 192 450 0.00035754603345184 2796.8426620364 463 37.5 2 
464 0.17677669529664 0.17677669529664 8 1 0.72377515173321 0.90000000000244 192 450 0.00035738943987302 2798.068125223 464 39 2 
465 0.17677669529664 0.17677669529664 9 1 0.7237243563889 0.89999999999955 192 450 0.00035754603345427 2796.8426620174 465 38.5 2 
466 0.17677669529664 0.17677669529664 8 1 0.723775151732 0.89999999999907 192 450 0.00035738943987664 2798.0681251947 466 38.5 2 
467 0.17677669529664 0.17677669529664 9 1 0.72372435639059 0.90000000000205 192 450 0.00035754603345243 2796.8426620318 467 37.5 2 
468 0.17677669529664 0.17677669529664 8 1 0.72377515173298 0.90000000000184 192 450 0.00035738943987366 2798.068125218 468 39 2 
469 0.17677669529664 0.17677669529664 9 1 0.72372435638866 0.89999999999889 192 450 0.00035754603345498 2796.8426620119 469 38.5 2 
470 0.17677669529664 0.17677669529664 8 1 0.72377515173174 0.89999999999835 192 450 0.00035738943987741 2798.0681251886 470 38.5 2 
471 0.17677669529664 0.17677669529664 9 1 0.7237243563903 0.90000000000126 192 450 0.00035754603345327 2796.8426620252 471 38.5 2 
472 0.17677669529664 0.17677669529664 8 1 0.72377515173271 0.90000000000077 192 450 0.00035738943987492 2798.0681252081 472 37 2 
473 0.17677669529664 0.17677669529664 9 1 0.72372435638824 0.89999999999745 192 450 0.00035754603345664 2796.8426619988 473 39.5 2 
474 0.17677669529664 0.17677669529664 8 1 0.72377515173272 0.90000000000002 192 450 0.00035738943987603 2798.0681251995 474 39 2 
475 0.17677669529664 0.17677669529664 9 1 0.72372435638946 0.89999999999977 192 450 0.00035754603345455 2796.8426620152 475 38.5 2 
476 0.17677669529664 0.17677669529664 8 1 0.72377515173216 0.89999999999928 192 450 0.0003573894398765 2798.0681251957 476 38.5 2 
477 0.17677669529664 0.17677669529664 9 1 0.72372435639076 0.90000000000238 192 450 0.00035754603345212 2796.8426620342 477 37.5 2 
478 0.17677669529664 0.17677669529664 8 1 0.72377515173315 0.90000000000222 192 450 0.00035738943987327 2798.068125221 478 39 2 
479 0.17677669529664 0.17677669529664 9 1 0.72372435638883 0.89999999999933 192 450 0.00035754603345452 2796.8426620155 479 38.5 2 
480 0.17677669529664 0.17677669529664 8 1 0.72377515173193 0.89999999999884 192 450 0.00035738943987689 2798.0681251927 480 38.5 2 
481 0.17677669529664 0.17677669529664 9 1 0.72372435639051 0.90000000000181 192 450 0.00035754603345269 2796.8426620297 481 37.5 2 
482 0.17677669529664 0.17677669529664 8 1 0.7237751517329 0.90000000000159 192 450 0.00035738943987394 2798.0681252158 482 39 2 
483 0.17677669529664 0.17677669529664 9 1 0.72372435638857 0.89999999999862 192 450 0.00035754603345526 2796.8426620096 483 38.5 2 
484 0.17677669529664 0.17677669529664 8 1 0.72377515173164 0.89999999999807 192 450 0.00035738943987771 2798.0681251863 484 38.5 2 
485 0.17677669529664 0.17677669529664 9 1 0.7237243563902 0.90000000000097 192 450 0.0003575460334536 2796.8426620227 485 38.5 2 
486 0.17677669529664 0.17677669529664 8 1 0.7237751517326 0.90000000000046 192 450 0.00035738943987526 2798.0681252054 486 37 2 
487 0.17677669529664 0.17677669529664 9 1 0.72372435638813 0.89999999999711 192 450 0.00035754603345701 2796.842661996 487 39 2 
488 0.17677669529664 0.17677669529664 8 1 0.72377515173414 0.9000000000029 192 450 0.00035738943987333 2798.0681252206 488 39 2 
489 0.17677669529664 0.17677669529664 9 1 0.72372435638905 0.89999999999983 192 450 0.00035754603345405 2796.8426620191 489 38.5 2 
490 0.17677669529664 0.17677669529664 8 1 0.72377515173222 0.8999999999995 192 450 0.00035738943987624 2798.0681251978 490 38.5 2 
491 0.17677669529664 0.17677669529664 9 1 0.72372435639078 0.90000000000253 192 450 0.00035754603345193 2796.8426620357 491 37.5 2 
492 0.17677669529664 0.17677669529664 8 1 0.7237751517332 0.90000000000239 192 450 0.00035738943987308 2798.0681252225 492 39 2 
493 0.17677669529664 0.17677669529664 9 1 0.72372435638889 0.8999999999995 192 450 0.00035754603345433 2796.842662017 493 38.5 2 
494 0.17677669529664 0.17677669529664 8 1 0.72377515173199 0.89999999999902 192 450 0.00035738943987669 2798.0681251943 494 38.5 2 
495 0.17677669529664 0.17677669529664 9 1 0.72372435639058 0.90000000000201 192 450 0.00035754603345248 2796.8426620314 495 37.5 2 
496 0.17677669529664 0.17677669529664 8 1 0.72377515173297 0.90000000000179 192 450 0.00035738943987371 2798.0681252176 496 39 2 
497 0.17677669529664 0.17677669529664 9 1 0.72372435638864 0.89999999999884 192 450 0.00035754603345503 2796.8426620115 497 38.5 2 
498 0.17677669529664 0.17677669529664 8 1 0.72377515173172 0.8999999999983 192 450 0.00035738943987746 2798.0681251882 498 38.5 2 
499 0.17677669529664 0.17677669529664 9 1 0.72372435639029 0.90000000000122 192 450 0.00035754603345333 2796.8426620248 499 38.5 2 
500 0.17677669529664 0.17677669529664 8 1 0.72377515173269 0.90000000000072 192 450 0.00035738943987497 2798.0681252077 500 37 2 
